13546
13545
13544
13543
13542
13541
13540
13539
13538
13537
13536
13535
13534
13533
13531
13530
13529
13528
13527
13525
13524
13523
13522
13521
13519
13518
13517
13516
13515
13513
13512
13511
13510
13509
13508
13507
13506
13505
13504
13503
13502
13501
13500
13499
13498
13497
13496
13495
13494
13493
13492
13491
13490
13489
13488
13487
13486
13485
13484
13483
13482
13481
13480
13479
13478
13477
13476
13475
13474
13473
13472
13471
13470
13469
13468
13467
13466
13465
13464
13463
13462
13461
13460
13459
13457
13456
13455
13454
13453
13452
13451
13450
13449
13448
13447
13446
13445
13444
13443
13442
13441
13440
13439
13438
13436
13435
13434
13433
13432
13431
13430
13429
13428
13427
13426
13425
13424
13423
13422
13421
13420
13419
13418
13417
13416
13415
13414
13413
13412
13411
13410
13409
13408
13407
13406
13405
13404
13403
13402
13401
13400
13399
13398
13397
13396
13395
13394
13393
13392
13391
13390
13389
13388
13387
13386
13385
13384
13383
13382
13381
13380
13379
13378
13377
13376
13375
13374
13373
13372
13371
13370
13369
13368
13367
13366
13365
13364
13363
13362
13361
13360
13359
13358
13357
13356
13355
13354
13353
13352
13351
13350
13349
13348
13347
13346
13345
13344
13343
13342
13341
13340
13339
13338
13337
13336
13335
13334
13333
13332
13331
13330
13329
13328
13326
13325
13324
13323
13322
13321
13320
13319
13318
13316
13315
13314
13313
13312
13311
13310
13309
13308
13307
13306
13305
13304
13303
13302
13301
13300
13299
13298
13297
13296
13295
13294
13293
13292
13291
13290
13289
13288
13287
13286
13285
13284
13283
13282
13281
13280
13279
13278
13277
13276
13275
13274
13273
13272
13271
13270
13269
13268
13267
13266
13265
13264
13263
13262
13261
13260
13259
13258
13257
13256
13255
13254
13253
13252
13250
